3 9
1 1 1 1 1 1 1 1 1
1 1 1 1 1 1 1 1 1
1 1 1 1 1 1 1 1 1
4 9
0 0 1 1 1 1 1 0 0
0 1 1 0 1 0 1 1 0
1 1 1 1 1 1 1 1 1
0 1 1 0 0 0 1 1 0
4 11
0 1 0 1 0 1 0 1 0 1 0
1 0 1 0 1 0 1 0 1 0 1
0 1 0 1 0 1 0 1 0 1 0
1 0 1 0 1 0 1 0 1 0 1
5 13
0 0 0 0 1 1 1 1 1 0 0 0 0
0 0 0 1 1 1 0 1 1 1 0 0 0
0 0 1 1 1 0 0 0 1 1 1 0 0
0 1 1 1 0 0 0 0 0 1 1 1 0
1 1 0 0 0 0 0 0 0 0 0 1 1
5 13
0 1 0 0 1 1 1 0 1 0 0 0 0
1 1 1 0 0 1 0 1 1 1 0 0 0
0 1 0 0 1 0 0 0 1 0 1 0 0
0 0 0 1 1 1 0 1 0 1 1 1 0
0 0 0 0 1 0 1 1 1 0 1 0 0
0 0